F1 = 114.843750 Hz
F2 = 298.593750 Hz
F3 = 505.312500 Hz
