A = [12 34 56 20];
B = [1 3 2 4];
C = A + B