A = [4 10 1 6 2; 7 5  7 1 5; 0 3 4 5 4; 23 13 13 0 3];
A(:, [2 4 5]) = []	% 刪除 A 矩陣的第二、四、五直行