A = [4 10 1 6 2; 8 2 9 4 7; 7 5  7 1 5; 0 3 4 5 4; 23 13 13 0 3];
A(2, :) = []		% 刪除 A 矩陣的第二列