
ans =

    25    40    25

