
ans =

    10    20    10

