 
r = 
 
   1*x^2 + 6*x^1 + 8*x^0
 
 
a = 
 
   1*x^1 + 5*x^0
 
 
b = 
 
   0*x^2 + 0*x^1 + 3*x^0
 
