 
p = 
 
   3*x^3 + 4*x^2 + 2*x^1 + 1*x^0
 
