 
r = 
 
   3*x^3 + 4*x^2 + 1*x^1 + 3*x^0
 
 
s = 
 
   3*x^3 + 4*x^2 + 3*x^1 + 6*x^0
 
