
y =

     3     6     9
     4     5     6

