
elapsedTime =

    0.3700


cpuTime =

    0.2496

