
cpuTime =

    0.5928

