
elapsedTime =

    0.1490

