A = [1 2 3; 4 5 6];
B = [7; 8];
X = A\B