a = [1 2; 3 4];
c = a>2