a = [1 2; 3 4];
b = [1 3; 2 4];
c = a>b
