p1 = [1,0,1,1];
p2 = [0,1,-1,2];
p1 + p2
p1 - p2