
Z =

     1     2     1     0
     3     4     0     1

