
S =

     1     1     1     1
     3     3     3     3
     4     5     6     7


ans =

     3     4

