
S(:,:,1) =

     4
     8
    12


S(:,:,2) =

     0
     4
    10


ans =

     3     1     2

