
S(:,:,1) =

     6     6     6     6


S(:,:,2) =

     2     3     4     5


ans =

     1     4     2

