
result =

   -9.8696

