
x =

    0.6370


minValue =

   11.2528

