
area =

   29.8583

