
len =

   17.2220

