A = [1 0 2 5; 4 1 8 7; 3 2 6 3];
A(:, :, 2) = [3 5 4 1; 2 6 2 1; 4 2 3 0]